Rk,,AvAge,GP,W,L,OL,PTS,PTS%,GF,GA,SOW,SOL,SRS,SOS,GF/G,GA/G,PP,PPO,PP%,PPA,PPOA,PK%,SH,SHA,PIM/G,oPIM/G,S,S%,SA,SV%,SO
1,Tampa Bay Lightning,28.3,29,21,6,2,44,.759,105,68,1,1,1.13,-0.15,3.62,2.34,28,97,28.87,16,99,83.84,2,2,10.2,10.6,896,11.7,799,.915,3
2,Washington Capitals,30.4,30,20,6,4,44,.733,103,87,2,2,0.39,-0.14,3.43,2.90,20,74,27.03,18,92,80.43,1,3,7.8,7.5,838,12.3,886,.902,1
3,Vegas Golden Knights,29.1,28,21,6,1,43,.768,94,62,0,1,0.95,-0.16,3.36,2.21,16,87,18.39,11,73,84.93,1,1,7.4,7.9,858,11.0,773,.920,4
4,Carolina Hurricanes,27.1,29,20,7,2,42,.724,95,75,4,0,0.76,-0.07,3.28,2.59,30,94,31.91,18,100,82.00,3,1,7.5,7.1,912,10.4,841,.911,3
5,New York Islanders,29.0,31,19,8,4,42,.677,88,70,2,1,0.43,-0.18,2.84,2.26,17,85,20.00,14,76,81.58,2,0,6.9,6.7,922,9.5,851,.918,5
6,Florida Panthers,28.2,29,19,6,4,42,.724,99,81,1,2,0.43,-0.16,3.41,2.79,23,88,26.14,17,87,80.46,1,2,8.2,8.2,995,9.9,896,.910,0
7,Edmonton Oilers,28.4,33,20,13,0,40,.606,112,95,0,0,0.41,-0.10,3.39,2.88,30,108,27.78,23,97,76.29,2,2,8.8,9.0,1027,10.9,1023,.907,2
8,Toronto Maple Leafs,28.9,31,19,10,2,40,.645,105,83,0,0,0.60,-0.11,3.39,2.68,26,90,28.89,22,89,75.28,1,2,8.2,8.0,946,11.1,877,.905,2
9,Colorado Avalanche,26.9,28,18,8,2,38,.679,91,65,0,0,0.85,-0.08,3.25,2.32,24,102,23.53,11,85,87.06,1,2,7.6,8.8,978,9.3,692,.906,4
10,Winnipeg Jets,28.1,30,18,10,2,38,.633,98,86,0,1,0.32,-0.05,3.27,2.87,22,86,25.58,16,72,77.78,1,1,6.7,8.0,886,11.1,944,.909,1
11,Minnesota Wild,28.9,28,18,9,1,37,.661,87,69,0,0,0.68,0.03,3.11,2.46,8,90,8.89,14,96,85.42,2,0,9.0,8.8,844,10.3,831,.917,3
12,Pittsburgh Penguins,28.1,30,18,11,1,37,.617,93,85,3,0,0.51,0.14,3.10,2.83,16,86,18.60,23,89,74.16,3,2,7.4,7.5,882,10.5,895,.905,1
13,Boston Bruins,28.8,28,16,8,4,36,.643,75,64,2,2,0.47,0.07,2.68,2.29,21,84,25.00,10,94,89.36,5,4,10.7,9.7,885,8.5,750,.915,2
14,St. Louis Blues,28.3,30,15,10,5,35,.583,89,95,2,2,-0.40,-0.20,2.97,3.17,17,89,19.10,26,101,74.26,3,0,8.4,7.8,890,10.0,890,.893,0
15,Montreal Canadiens,28.9,30,13,8,9,35,.583,95,80,0,3,0.31,-0.09,3.17,2.67,19,83,22.89,24,105,77.14,7,1,9.5,8.3,988,9.6,876,.909,0
16,Vancouver Canucks,27.7,34,16,16,2,34,.500,92,106,3,0,-0.25,0.07,2.71,3.12,20,102,19.61,24,121,80.17,3,3,9.7,8.4,1036,8.9,1144,.907,1
17,Chicago Blackhawks,27.2,31,14,12,5,33,.532,92,100,2,2,-0.21,0.05,2.97,3.23,28,96,29.17,26,95,72.63,2,3,7.3,7.1,913,10.1,1056,.905,2
18,Philadelphia Flyers,27.4,28,15,10,3,33,.589,91,97,1,2,-0.21,0.04,3.25,3.46,19,97,19.59,22,87,74.71,0,1,7.1,7.7,786,11.6,831,.883,3
19,Calgary Flames,28.1,31,15,13,3,33,.532,86,94,1,1,-0.21,0.05,2.77,3.03,23,110,20.91,21,101,79.21,1,4,8.6,9.4,916,9.4,933,.899,3
20,Columbus Blue Jackets,27.0,31,12,12,7,31,.500,82,98,1,3,-0.59,0.00,2.65,3.16,12,76,15.79,20,73,72.60,5,2,6.9,7.1,897,9.1,964,.898,1
21,Los Angeles Kings,27.6,29,12,11,6,30,.517,84,82,1,1,0.16,0.09,2.90,2.83,26,102,25.49,13,83,84.34,1,1,6.7,8.4,825,10.2,908,.910,2
22,Arizona Coyotes,28.5,30,12,13,5,29,.483,70,89,2,2,-0.55,0.08,2.33,2.97,18,102,17.65,17,103,83.50,2,2,9.2,8.7,767,9.1,942,.906,1
23,New York Rangers,25.8,29,12,13,4,28,.483,85,77,1,1,0.30,0.03,2.93,2.66,16,106,15.09,13,93,86.02,3,4,9.5,10.7,859,9.9,820,.906,3
24,Nashville Predators,28.9,30,13,16,1,27,.450,71,98,2,0,-0.66,0.17,2.37,3.27,19,97,19.59,31,100,69.00,2,2,9.4,8.9,933,7.6,917,.893,1
25,San Jose Sharks,29.3,28,11,13,4,26,.464,77,96,4,2,-0.54,0.06,2.75,3.43,16,83,19.28,21,97,78.35,1,3,9.5,8.3,837,9.2,907,.894,1
26,Dallas Stars,28.2,26,9,10,7,25,.481,73,67,1,4,0.08,-0.04,2.81,2.58,21,89,23.60,19,85,77.65,2,2,8.4,8.8,759,9.6,713,.906,3
27,Anaheim Ducks,28.5,31,9,16,6,24,.387,69,103,1,2,-0.96,0.17,2.23,3.32,9,73,12.33,21,90,76.67,2,4,7.5,6.8,857,8.1,913,.887,3
28,Detroit Red Wings,29.4,31,10,17,4,24,.387,71,101,0,0,-0.79,0.18,2.29,3.26,11,91,12.09,25,89,71.91,0,3,7.6,7.7,860,8.3,979,.897,0
29,New Jersey Devils,26.3,27,10,13,4,24,.444,68,83,0,3,-0.69,-0.02,2.52,3.07,11,76,14.47,24,82,70.73,1,1,7.3,6.8,801,8.5,852,.903,2
30,Ottawa Senators,26.3,33,10,20,3,23,.348,85,129,2,1,-1.08,0.22,2.58,3.91,16,109,14.68,26,103,74.76,1,3,9.5,10.1,1051,8.1,1053,.877,0
31,Buffalo Sabres,27.5,29,6,19,4,16,.276,59,99,2,2,-1.30,0.08,2.03,3.41,19,74,25.68,15,69,78.26,1,1,5.9,5.9,810,7.3,898,.890,0